0000000000001111
0000000000001111
0000000000010000
0000000000010011
0000000000101011
0000000000110010
0000000000110110
0000000000111000
0000000000111011
0000000001000101
0000000001010100
0000000001010110
0000000001011100
0000000001011101
0000000001100010
0000000001100011
0000000001101000
0000000001101111
0000000001110001
0000000001110010
0000000001110100
0000000001110100
0000000001110111
0000000001111000
0000000010000010
0000000010000011
0000000010000100
0000000010000100
0000000010010101
0000000010010111
0000000010011100
0000000010100000
0000000010101000
0000000010101000
0000000010110000
0000000010111000
0000000010111110
0000000011000110
0000000011001101
0000000011010101
0000000011011000
0000000011011010
0000000011011100
0000000011100110
0000000011101100
0000000011101100
0000000011110000
0000000011110101
0000000011110101
0000000011110101
0000000011111000
0000000011111011
0000000011111011
0000000011111110
0000000100000101
0000000100001011
0000000100010010
0000000100010100
0000000100100001
0000000100100010
0000000100100110
0000000100101010
0000000100101110
0000000100110001
0000000100110101
0000000100111000
0000000100111001
0000000101000011
0000000101000111
0000000101010100
0000000101010100
0000000101011110
0000000101100100
0000000101100101
0000000101100110
0000000101101001
0000000101101110
0000000101110101
0000000110000110
0000000110001111
0000000110010001
0000000110010011
0000000110010110
0000000110100111
0000000110101110
0000000110110110
0000000110111011
0000000110111100
0000000110111110
0000000111000100
0000000111000101
0000000111000101
0000000111001001
0000000111001110
0000000111010001
0000000111010110
0000000111100010
0000000111101010
0000000111101010
0000000111101110
